1403715273.262143 0.000000 0.000000 0.000000 0.000000 0.000000 0.000000 1.000000
1403715279.062143 -0.018729 -0.167059 0.028983 0.033805 0.003377 0.010467 0.999368
1403715280.712143 -0.039889 -0.358440 0.114488 0.014815 0.045337 0.019803 0.998666
1403715281.662143 -0.081823 -0.488141 0.289727 0.012064 0.206807 0.084061 0.974689
1403715282.462143 -0.076252 -0.520976 0.529532 -0.001206 0.410664 0.162197 0.897244
1403715283.312143 -0.049787 -0.535001 0.873659 0.020183 0.573798 0.233917 0.784621
1403715285.262143 0.111423 -0.536519 1.257811 0.022242 0.680806 0.268265 0.681206
1403715287.262143 0.490686 -0.861831 0.826102 -0.009293 0.745617 0.288627 0.600552
1403715290.012143 0.839180 -0.585369 0.524617 -0.016494 0.871948 0.354891 0.336879
1403715291.662143 1.384365 -0.491383 0.204013 0.023413 0.878180 0.368731 0.303793
1403715293.062143 1.693701 -0.180164 -0.305406 -0.005377 0.800018 0.305109 0.516576
1403715294.462143 1.964526 -0.298795 -0.685939 0.024552 0.608439 0.235487 0.757459
1403715296.062143 1.903375 0.089617 -0.870600 0.036079 0.331501 0.132864 0.933355
1403715297.312143 2.003509 0.316738 -1.095434 -0.010230 0.167312 0.092226 0.981528
1403715298.262143 2.457966 0.346493 -0.985894 0.053592 -0.013860 -0.025447 0.998142
1403715300.162143 2.352542 0.166552 -0.831606 0.033253 -0.315631 -0.112557 0.941596
1403715303.662143 2.381783 0.476914 -1.262012 0.031225 -0.441563 -0.180539 0.878324
1403715304.962143 2.208911 0.667808 -1.391643 0.032812 -0.515222 -0.198733 0.833051
1403715306.862143 2.317082 0.235779 -1.571996 0.064689 -0.446675 -0.135869 0.881950
1403715307.162143 2.462063 0.189031 -1.528301 0.079319 -0.348729 -0.156114 0.920720
1403715308.112143 2.808139 0.439075 -1.548716 0.008606 -0.125732 -0.069100 0.989617
1403715310.462143 3.157360 0.311683 -1.217803 0.056011 -0.060990 -0.021160 0.996341
1403715311.562143 3.558013 0.293358 -1.246876 0.005077 -0.001608 0.005772 0.999969
1403715312.362143 3.881618 0.183714 -1.072596 0.013509 0.022644 0.006344 0.999632
1403715312.662143 3.992475 0.139913 -0.974979 0.026661 0.025573 0.007133 0.999292
1403715312.912143 4.080354 0.119310 -0.894284 0.047663 0.023517 -0.010203 0.998534
1403715313.062143 4.119665 0.093572 -0.865750 0.055570 0.017654 -0.018356 0.998130
1403715313.212143 4.146960 0.054943 -0.859896 0.052496 0.010820 -0.021315 0.998335
1403715313.412143 4.169748 0.017327 -0.865731 0.038363 0.000478 -0.014768 0.999155
1403715314.262143 4.179117 -0.096278 -0.951140 0.020062 0.069911 0.003599 0.997345
1403715314.462143 4.158707 -0.103082 -0.963506 0.013092 0.112109 0.017791 0.993450
1403715314.812143 4.086612 -0.109613 -0.963458 0.014347 0.141635 0.040820 0.988973
1403715315.212143 3.966378 -0.123960 -0.941165 0.020621 0.143263 0.048298 0.988290
1403715315.612143 3.844953 -0.138132 -0.922517 0.021648 0.175168 0.067607 0.981976
1403715315.812143 3.783061 -0.143260 -0.917191 0.027360 0.202682 0.096309 0.974113
1403715316.262143 3.704373 -0.119664 -0.930088 0.008162 0.302269 0.116252 0.946072
1403715317.362143 3.553050 -0.016628 -0.690811 0.003598 0.490278 0.188082 0.851023
1403715319.512143 3.649863 0.187858 -0.558135 -0.023189 0.779438 0.297985 0.550584
1403715320.312143 4.110315 0.025964 -0.550126 -0.012722 0.833459 0.307636 0.458850
1403715321.062143 4.443148 -0.164405 -0.449249 0.042750 0.888270 0.365122 0.275381
1403715322.412143 4.025247 -0.209216 -0.644059 -0.015310 0.905866 0.369114 0.207186
1403715323.262143 3.621260 0.001159 -0.959658 -0.041895 0.911886 0.374369 0.162962
1403715323.762143 3.605895 0.101814 -1.249649 -0.031269 0.926853 0.337189 0.162080
1403715324.112143 3.661164 0.108551 -1.412529 -0.013666 0.942728 0.290464 0.163424
1403715327.612143 2.989910 -0.015148 -1.149170 0.007674 0.913619 0.375606 0.155441
1403715328.662143 2.477266 0.063373 -1.195488 -0.028862 0.907888 0.341731 0.241093
1403715329.212143 2.346299 0.054184 -1.105330 -0.010060 0.862309 0.341225 0.374016
1403715330.212143 2.260330 0.146167 -0.965379 -0.004647 0.826297 0.332260 0.454769
1403715333.362143 2.162511 0.070334 -1.764347 0.024594 0.741158 0.268546 0.614787
1403715334.912143 1.944467 0.398730 -2.399013 -0.000453 0.694116 0.278726 0.663713
1403715336.262143 2.108773 0.640250 -2.889967 0.016592 0.643772 0.246304 0.724304
1403715337.662143 2.401099 0.741056 -3.260117 0.012653 0.587076 0.249198 0.770118
1403715338.812143 2.809017 0.793488 -3.560202 0.016483 0.531314 0.215401 0.819168
1403715339.862143 3.202494 0.940151 -3.808619 -0.006880 0.523277 0.184080 0.832014
1403715341.512143 3.635228 0.740851 -3.563261 0.021280 0.408598 0.153076 0.899535
1403715342.612143 3.843579 0.605491 -3.333361 -0.007181 0.369167 0.141697 0.918469
1403715343.262143 3.963288 0.505949 -3.079978 0.012450 0.306643 0.116414 0.944597
1403715343.862143 4.077279 0.431805 -2.791438 0.006188 0.317765 0.106011 0.942204
1403715344.462143 4.123854 0.312102 -2.469330 0.030994 0.269026 0.058760 0.960839
1403715345.162143 3.883860 0.211945 -2.101377 0.028985 0.236687 0.068533 0.968732
1403715346.012143 3.329398 0.128979 -1.728045 0.004534 0.226624 0.088047 0.969984
1403715346.662143 2.934345 0.020202 -1.463830 0.025287 0.237854 0.101815 0.965619
1403715347.412143 2.601819 -0.104394 -1.251564 0.014456 0.225868 0.078547 0.970879
1403715348.012143 2.330420 -0.224931 -1.114123 0.030477 0.130172 0.070579 0.988506
1403715348.562143 2.141578 -0.267600 -1.027300 0.010167 0.008346 0.029816 0.999469
1403715349.712143 2.325382 -0.040255 -0.746090 0.034352 -0.058068 -0.016095 0.997592
1403715350.662143 2.627431 0.144413 -0.686005 -0.009594 -0.126870 -0.079929 0.988647
1403715352.112143 2.191201 0.015476 -0.325032 0.021094 -0.197248 -0.068735 0.977713
1403715352.712143 1.895598 -0.082603 -0.231892 0.021985 -0.237512 -0.063353 0.969067
1403715353.962143 1.622633 -0.190215 -0.090154 0.032915 -0.252498 -0.098537 0.962004
1403715355.612143 1.474420 -0.337156 0.032128 0.020951 -0.351145 -0.127258 0.927396
1403715356.362143 1.424972 -0.482535 0.116950 0.023797 -0.369098 -0.173528 0.912737
1403715357.112143 1.187342 -0.542952 0.178666 0.009210 -0.444867 -0.162056 0.880764
1403715357.362143 1.099301 -0.601684 0.217184 0.022760 -0.482225 -0.187358 0.855475
1403715357.662143 0.991284 -0.674993 0.272669 0.026441 -0.490158 -0.206100 0.846504
1403715358.112143 0.788131 -0.723299 0.331129 0.034892 -0.484567 -0.224627 0.844701
1403715358.362143 0.642015 -0.726648 0.330783 0.018766 -0.487980 -0.214819 0.845799
1403715358.612143 0.466653 -0.719661 0.318543 0.035167 -0.503591 -0.226142 0.833078
1403715358.812143 0.316361 -0.706370 0.299139 0.037478 -0.533264 -0.206300 0.819552
1403715359.012143 0.177351 -0.685637 0.271015 0.036336 -0.551541 -0.198468 0.809378
1403715359.162143 0.082782 -0.665371 0.255025 0.034457 -0.557079 -0.200958 0.805041
1403715359.412143 -0.053646 -0.632203 0.228481 0.043528 -0.554390 -0.208609 0.804512
1403715359.612143 -0.139292 -0.604772 0.200885 0.052372 -0.549136 -0.213813 0.806220
1403715359.812143 -0.215100 -0.584165 0.142649 0.044464 -0.548587 -0.207425 0.808733
1403715360.012143 -0.273163 -0.571046 0.077723 0.029554 -0.549705 -0.205386 0.809177
1403715360.162143 -0.312349 -0.555360 0.025013 0.026826 -0.548752 -0.208988 0.808997
1403715360.312143 -0.343682 -0.539001 -0.019291 0.025790 -0.548349 -0.207617 0.809657
1403715360.462143 -0.375428 -0.531265 -0.064942 0.013280 -0.543142 -0.187476 0.818336
1403715360.612143 -0.403943 -0.528683 -0.101047 0.005279 -0.525353 -0.168746 0.833967
1403715360.762143 -0.425913 -0.531900 -0.122334 0.010772 -0.493887 -0.163283 0.853990
1403715360.912143 -0.439991 -0.547213 -0.132193 0.018442 -0.453454 -0.165028 0.875674
1403715361.312143 -0.465091 -0.583310 -0.140663 0.018983 -0.346619 -0.140758 0.927190
1403715361.512143 -0.496540 -0.589512 -0.148885 0.020979 -0.294217 -0.125620 0.947215
1403715361.712143 -0.525145 -0.585915 -0.155940 0.018822 -0.262265 -0.118354 0.957525
1403715361.912143 -0.569495 -0.574809 -0.159977 0.006141 -0.230757 -0.104572 0.967356
1403715362.162143 -0.630844 -0.561993 -0.143172 0.007118 -0.176565 -0.082301 0.980816
1403715362.362143 -0.693614 -0.549761 -0.119586 0.008452 -0.118880 -0.065088 0.990737
1403715362.712143 -0.840640 -0.538307 -0.065210 0.007452 -0.015757 -0.023388 0.999575
1403715362.912143 -0.941837 -0.542941 -0.031593 0.013259 0.025283 0.033351 0.999036
1403715363.262143 -1.066518 -0.573662 0.016261 0.024055 0.088363 0.094738 0.991281
1403715364.112143 -0.943867 -0.643214 -0.004459 0.028284 0.298612 0.125537 0.945659
1403715365.712143 -0.586199 -0.727776 -0.382894 0.024187 0.476432 0.185621 0.859053
1403715367.312143 -0.456722 -0.539941 -1.020502 -0.002523 0.522919 0.226981 0.821601
1403715368.812143 0.278184 -0.314987 -1.675123 0.020325 0.530332 0.205856 0.822167
1403715369.912143 0.797348 -0.061230 -2.205640 -0.008717 0.370797 0.140502 0.917983
1403715371.412143 1.590374 0.071013 -2.380589 -0.027661 0.373516 0.154095 0.914317
1403715372.262143 2.223665 0.081680 -2.276514 0.012124 0.361427 0.146680 0.920711
1403715373.062143 2.819916 -0.006062 -2.223799 0.019863 0.309750 0.127499 0.942022
1403715374.012143 3.427333 -0.058221 -2.156169 0.017196 0.242260 0.077458 0.966962
1403715374.962143 3.735470 -0.140417 -1.973763 -0.002648 0.105039 0.025702 0.994132
1403715375.612143 3.813405 -0.248188 -1.674221 0.012501 0.131140 0.043382 0.990335
1403715375.962143 3.820304 -0.300829 -1.492540 0.019829 0.141379 0.040901 0.988911
1403715376.462143 3.794265 -0.358270 -1.251875 0.046297 0.134635 0.041052 0.988961
1403715376.762143 3.741380 -0.367821 -1.133797 0.025439 0.132844 0.031166 0.990320
1403715377.012143 3.682738 -0.373382 -1.063589 0.050740 0.124348 0.026837 0.990577
1403715377.212143 3.611140 -0.365088 -1.021592 0.036046 0.119321 0.021011 0.991979
1403715377.612143 3.429900 -0.349549 -0.981529 0.036394 0.107541 0.023670 0.993252
1403715377.812143 3.321506 -0.338534 -0.977609 0.029272 0.106126 0.024885 0.993610
1403715377.962143 3.234986 -0.325094 -0.978586 0.028042 0.105129 0.026200 0.993718
1403715378.162143 3.113033 -0.298921 -0.987433 0.031944 0.099016 0.037091 0.993881
1403715378.312143 3.019632 -0.291829 -0.998340 0.027426 0.094251 0.047940 0.994015
1403715378.562143 2.883943 -0.254865 -1.026006 0.010523 0.094789 0.045825 0.994386
1403715379.212143 2.616601 -0.247327 -1.063827 -0.002012 0.100658 0.031145 0.994431
1403715380.062143 2.230742 -0.378095 -0.924918 0.013182 0.111097 0.008338 0.993687
1403715380.462143 1.963546 -0.445823 -0.821701 0.017980 0.106624 0.031627 0.993634
1403715380.912143 1.656523 -0.513856 -0.722613 0.021857 0.106476 0.024172 0.993781
1403715381.312143 1.365325 -0.571137 -0.654744 0.026839 0.109669 0.033659 0.993035
1403715381.962143 0.925886 -0.573931 -0.594567 0.000557 0.130179 0.028067 0.991093
1403715382.662143 0.454482 -0.630029 -0.435528 -0.001086 0.250342 0.093909 0.963591
1403715383.512143 0.050695 -0.756339 -0.053772 -0.000871 0.329054 0.147702 0.932688
1403715384.412143 -0.051003 -0.873532 0.361656 0.013351 0.508742 0.213523 0.833913
1403715386.012143 0.290882 -1.012424 0.491994 0.026862 0.647861 0.257671 0.716352
1403715388.062143 0.476341 -0.672271 -0.433710 -0.004860 0.626469 0.269369 0.731405
1403715389.212143 0.798438 -0.179560 -1.180109 0.003309 0.628460 0.236922 0.740874
1403715390.562143 1.225157 0.090391 -1.862238 -0.024755 0.497667 0.181022 0.847907
1403715391.662143 1.881656 0.187783 -1.904595 0.002168 0.382694 0.176992 0.906761
1403715392.362143 2.534054 0.038767 -1.923120 -0.003004 0.329286 0.134006 0.934668
1403715392.962143 3.074352 -0.074757 -1.897226 0.009889 0.215007 0.072394 0.973875
1403715393.512143 3.418474 -0.120322 -1.852364 0.017940 0.074676 -0.008150 0.997013
1403715394.462143 3.588815 -0.123760 -1.786058 0.027433 -0.219276 -0.092214 0.970908
1403715395.762143 3.475286 0.019460 -1.964408 0.014027 -0.574575 -0.231943 0.784774
1403715397.412143 2.969651 0.297006 -2.026446 -0.022196 -0.640030 -0.242631 0.728697
1403715398.362143 2.426891 0.281374 -1.787852 0.036503 -0.638524 -0.225186 0.735015
1403715400.562143 2.337634 0.453069 -2.175560 0.018092 -0.527629 -0.238991 0.814962
1403715401.012143 2.176711 0.550192 -2.449156 -0.018341 -0.432180 -0.169486 0.885527
1403715401.562143 1.849289 0.616592 -2.672455 -0.009271 -0.394078 -0.161383 0.904750
1403715401.912143 1.588082 0.596788 -2.742925 0.007675 -0.388517 -0.123279 0.913125
1403715402.312143 1.336301 0.569930 -2.772964 0.041014 -0.373553 -0.133580 0.917024
1403715402.762143 1.102335 0.583171 -2.832377 0.050357 -0.316703 -0.137151 0.937205
1403715403.112143 0.924886 0.618321 -2.946702 -0.002365 -0.312428 -0.106021 0.944004
1403715403.362143 0.810624 0.625733 -2.999575 -0.015593 -0.308018 -0.112110 0.944623
1403715403.612143 0.691823 0.611942 -3.011357 -0.008183 -0.283798 -0.107523 0.952802
1403715403.862143 0.568797 0.588523 -2.978332 -0.020310 -0.237350 -0.083162 0.967645
1403715404.112143 0.446785 0.540843 -2.907238 -0.013400 -0.181950 -0.062263 0.981243
1403715404.362143 0.325576 0.484565 -2.803483 0.005987 -0.127884 -0.066992 0.989506
1403715404.512143 0.243651 0.455356 -2.738615 0.012054 -0.112087 -0.067997 0.991296
1403715404.762143 0.087802 0.418160 -2.633427 0.019251 -0.109982 -0.051768 0.992398
1403715405.012143 -0.076132 0.391619 -2.536755 0.022315 -0.094029 -0.027176 0.994948
1403715405.212143 -0.195318 0.373824 -2.465331 0.020842 -0.054823 0.006162 0.998260
1403715405.462143 -0.310771 0.362221 -2.381024 0.010171 0.021899 0.036681 0.999035
1403715405.612143 -0.363933 0.355181 -2.333529 0.004327 0.070731 0.049820 0.996241
1403715405.912143 -0.448469 0.344965 -2.234578 -0.012263 0.162782 0.067581 0.984268
1403715406.162143 -0.504890 0.332028 -2.130633 0.002817 0.235810 0.095752 0.967066
1403715406.462143 -0.565653 0.332559 -1.999778 0.001200 0.311632 0.138996 0.939981
1403715406.762143 -0.595646 0.347370 -1.871809 -0.000500 0.380324 0.173337 0.908464
1403715407.262143 -0.563114 0.368850 -1.690006 -0.015660 0.481796 0.211584 0.850212
1403715407.712143 -0.432326 0.352407 -1.569346 -0.020742 0.506211 0.202396 0.838067
1403715408.262143 -0.146617 0.272665 -1.506348 -0.004767 0.491649 0.186244 0.850630
